              0.             0.             
        1000.000       1.200000             
        1200.000       1.270000             
        1600.000       1.350000             
        3000.000       1.520000             
        6000.000       1.660000             
        10000.00       1.750000             
        20000.00       1.900000             
        30000.00       2.000000             
        49944.66       2.101082             
        80000.00       2.200000             
        132000.0       2.300000             
        250000.0       2.400000             
