               0.             0.             
        40.28202      0.3233068             
        80.56404      0.6466137             
        133.2969      0.8959763             
        196.5763       1.092960             
        272.5116       1.235844             
        363.6339       1.322937             
        472.9807       1.364753             
        604.1969       1.403417             
        761.6563       1.442002             
        950.6076       1.479882             
        1177.349       1.516478             
        1449.439       1.551293             
        1775.947       1.583937             
        2167.756       1.614135             
        2637.928       1.641730             
        3202.133       1.666674             
        3879.180       1.689014             
        4691.636       1.708866             
        5666.584       1.726406             
        6836.521       1.741841             
        8240.445       1.755403             
        9925.154       1.767332             
        11946.81       1.777868             
        14372.79       1.787249             
        17283.96       1.795704             
        20777.38       1.803454             
        24969.48       1.810715             
        30000.00       1.817699             
        33000.00       1.821469             

