              0.             0.             
        40.28202      0.5217850             
        80.56404       1.043570             
        133.2969       1.219489             
        196.5763       1.330541             
        272.5116       1.406615             
        363.6339       1.461884             
        472.9807       1.503975             
        604.1969       1.537396             
        761.6563       1.565024             
        950.6076       1.588824             
        1177.349       1.610226             
        1449.439       1.630343             
        1775.947       1.650098             
        2167.756       1.670444             
        2637.928       1.693085             
        3202.133       1.718405             
        3879.180       1.746379             
        4691.636       1.776860             
        5666.584       1.809549             
        6836.521       1.843973             
        8240.445       1.879470             
        9925.154       1.915191             
        11946.81       1.950107             
        14372.79       1.983036             
        17283.96       2.012676             
        20777.38       2.037636             
        24969.48       2.056473             
        30000.00       2.067699             
        33000.00       2.071469             

