              0.             0.             
        40.28202      0.3324555             
        80.56404      0.6649110             
        133.2969      0.9138392             
        196.5763       1.111536             
        272.5116       1.260901             
        363.6339       1.364212             
        472.9807       1.422949             
        604.1969       1.451498             
        761.6563       1.480342             
        950.6076       1.510200             
        1177.349       1.540614             
        1449.439       1.571091             
        1775.947       1.601134             
        2167.756       1.630277             
        2637.928       1.658111             
        3202.133       1.684309             
        3879.180       1.708632             
        4691.636       1.730937             
        5666.584       1.751169             
        6836.521       1.769348             
        8240.445       1.785560             
        9925.154       1.799934             
        11946.81       1.812635             
        14372.79       1.823846             
        17283.96       1.833761             
        20777.38       1.842578             
        24969.48       1.850493             
        30000.00       1.857699             
        33000.00       1.861469             
