              0.             0.             
        40.28202      0.3951843             
        80.56404      0.7903686             
        133.2969      0.9716319             
        196.5763       1.095780             
        272.5116       1.185383             
        363.6339       1.252692             
        472.9807       1.304966             
        604.1969       1.346809             
        761.6563       1.381319             
        950.6076       1.410688             
        1177.349       1.436551             
        1449.439       1.460186             
        1775.947       1.483959             
        2167.756       1.510788             
        2637.928       1.540831             
        3202.133       1.574084             
        3879.180       1.610407             
        4691.636       1.649490             
        5666.584       1.690835             
        6836.521       1.733738             
        8240.445       1.777294             
        9925.154       1.820413             
        11946.81       1.861850             
        14372.79       1.900252             
        17283.96       1.934193             
        20777.38       1.962221             
        24969.48       1.982877             
        30000.00       1.994699             
        33000.00       1.998469             
