        0.0000000      0.0000000      
        54.38605      0.5687161      
        125.0879      0.9107189      
        217.0004       1.133191      
        336.4865       1.285649      
        491.8185       1.394206      
        693.7501       1.474002      
        956.2611       1.534492      
        1297.525       1.581962      
        1741.169       1.620847      
        2317.906       1.654481      
        3067.663       1.685556      
        4042.348       1.716430      
        5309.438       1.749361      
        6956.655       1.786698      
        9098.037       1.831067      
        11881.83       1.882414      
        15500.77       1.931322      
        20205.39       1.976478      
        26321.39       2.017967      
        34272.19       2.056381      
        44608.23       2.092746      
        58045.08       2.128448      
        75512.98       2.165203      
        98221.27       2.205061      
        127742.0       2.250466      
        166119.0       2.304362      
        216009.1       2.370358      
        280866.3       2.452947      
        308952.9       2.488242      

