              0.             0.             
       0.1676396E-03  0.2082807E-05         
       0.3352792E-03  0.4165609E-05         
       0.7823178E-03  0.9719718E-05         
       0.1676395E-02  0.2082782E-04         
       0.3464548E-02  0.4304356E-04         
       0.7040854E-02  0.8747321E-04         
       0.1419346E-01  0.1763252E-03         
       0.2849867E-01  0.3540000E-03         
       0.5710909E-01  0.7092333E-03         
       0.1143299      0.1419235E-02         
       0.2287715      0.2837381E-02         
       0.4576545      0.5666269E-02         
       0.9154205      0.1129461E-01         
        1.830952      0.2243500E-01         
        3.662015      0.4426165E-01         
        7.324139      0.8618276E-01         
        14.64838      0.1637067             
        29.29687      0.2975280             
        58.59383      0.5032464             
        117.1877      0.7693985             
        234.3755       1.046909             
        468.7509       1.279960             
        937.5016       1.447085             
        1875.003       1.563602             
        3750.004       1.671697             
        7500.005       1.775926             
        15000.00       1.854134             
        30000.00       1.897699             
        33000.00       1.901469             
