          0.             0.             
        477.0000       1.100000             
        922.9141       1.633186             
        1337.513       1.756419             
        4292.604       1.852735             
        6366.000       1.880000             
        7958.000       1.900000             
        15915.00       1.980000             
        23873.00       2.020000             
        31830.00       2.045000             
        47746.00       2.080000             
        64329.63       2.111715             
        86767.84       2.145308             
        148638.1       2.239294             
        238700.0       2.355000             
        318300.0       2.420000             
